5
1
88 577
46 10 11 13 45 83 51 78 33 98 75 61 85 95 17 50 63 94 22 16 77 65 58 11 95 73 70 97 99 30 10 15 28 13 13 55 18 91 20 92 51 66 30 12 36 43 29 26 83 33 32 16 72 98 46 44 87 61 16 86 79 92 87 55 87 35 53 28 87 32 45 84 84 40 29 25 75 19 19 59 98 19 50 36 68 72 20 23
2
71 795
47 33 48 66 74 82 19 22 20 41 55 29 65 14 74 78 46 46 12 99 92 52 63 93 64 25 13 67 43 87 92 93 99 79 67 13 48 11 27 64 30 73 53 50 71 67 40 19 25 78 53 73 61 77 27 91 98 63 83 38 61 94 82 79 21 56 78 92 22 33 49
3
83 728
39 61 24 67 36 33 46 82 68 16 15 32 42 87 72 61 18 32 15 66 21 85 64 90 64 92 74 87 23 74 85 97 27 79 68 72 17 96 22 88 90 27 38 96 19 36 92 64 81 96 69 66 44 76 92 57 53 33 58 15 96 95 16 61 80 62 52 59 96 77 16 21 65 95 43 64 49 91 76 41 37 100 20
4
92 591
51 91 23 35 17 98 81 99 97 37 31 91 69 56 84 43 29 64 34 35 57 13 12 93 39 48 11 81 22 85 16 34 89 70 19 32 69 74 97 27 51 22 30 85 76 65 90 25 88 60 52 20 51 20 67 44 80 72 37 10 46 44 81 70 48 52 11 31 51 47 80 60 34 37 80 33 90 33 30 91 10 13 21 28 60 10 94 87 64 68 14 16
5
76 978
21 69 78 12 50 33 98 30 48 45 50 27 46 12 99 93 86 35 67 87 80 35 98 12 38 92 93 20 27 43 65 58 53 34 75 47 48 17 70 48 36 60 18 72 25 85 94 88 37 97 95 58 69 32 41 47 70 12 44 82 94 54 15 27 22 49 44 78 47 87 100 78 98 51 45 89
